2.143470234613033654e+00
2.602916699280237722e+00
3.160844146088676254e+00
3.838361680427869516e+00
4.661103081595509678e+00
5.660196653181820636e+00
6.873442957996964253e+00
8.346744996974678088e+00
1.013584494266672209e+01
1.230843313639264380e+01
1.494670914265087447e+01
1.815049175791993719e+01
2.204099564058898864e+01
2.676541745027280683e+01
3.250250501243800727e+01
3.946932021689019621e+01
4.792945152342161919e+01
5.820298679359990501e+01
7.067862376936557212e+01
8.582837639667042140e+01
1.042254334058130780e+02
1.265658448253134338e+02
1.536948569354844949e+02
1.866388920409165166e+02
2.266443830120024359e+02
2.752249318948488508e+02
3.342185768288495638e+02
4.058573339575862065e+02
4.928516454413352221e+02
5.984929286496908389e+02
7.267781064683899785e+02
8.825608303067319866e+02
