1.107173511730651683e+01
1.344492858425315163e+01
1.632680900693760861e+01
1.982641192019588061e+01
2.407614430120757021e+01
2.923679416859623714e+01
3.550361397418562603e+01
4.311370795167145076e+01
5.235500292149215085e+01
6.357714196102183735e+01
7.720471310054358582e+01
9.375331355082900586e+01
1.138490572500834617e+02
1.382522637955143523e+02
1.678862250268697665e+02
2.038721376415338682e+02
2.475715235116897759e+02
3.006377426702005096e+02
3.650785479516832766e+02
4.433320480347013017e+02
5.383589529359430799e+02
6.537545920515062789e+02
7.938849429319052433e+02
9.640518174201057491e+02
1.170693454946565225e+03
1.421628112399990869e+03
1.726349866761840076e+03
2.096387822155058075e+03
2.545742311854518448e+03
3.091414598900031706e+03
3.754050116459072342e+03
4.558719584846632642e+03
